1100110111010110
1100000110101010
0001101000101001
1010101110001101
0011111010011100
1110101011101001
0001100011001010
1010000010110111
1001000010100011
0010011011101000
1100000010100011
0011110010010001
1101110010111001
0011110110101010
1101100101101010
1001011001010111
0001000111000000
1011010110101010
0000100101010001
0100101101011010
0001001110000111
1000001000011101
1011100110101000
0110111111101001
1000001001100100
0101100101111111
1101100100000100
0100100100010010
1011100100010100
0100100101111111
1111111101110100
0101110011110001
